L= 2;
g = 9.81;
w = 0.3;
d = 0.03;
EI = (1.3 * 10^10) * (w * d^3 / 12);